# Created by Octave 3.8.0, Mon Dec 18 00:03:42 2017 EST <abstruct@Andrews-MBP>
# name: y
# type: matrix
# rows: 20
# columns: 1
 0
 0
 0
 0
 0
 0
 0
 0
 0
 0
 1
 1
 1
 1
 1
 1
 1
 1
 1
 1


